0.710000	1.910000	1
2.730000	4.340000	2
4.920000	15.530000	3
15.780000	93.060000	4
93.550000	103.070000	5
103.420000	110.280000	6
110.630000	121.530000	7
122.000000	128.030000	8
128.370000	140.860000	9
141.090000	144.630000	10
145.020000	180.030000	11
180.520000	187.110000	12
187.960000	193.890000	13
194.170000	196.830000	14
197.100000	202.500000	15
202.820000	205.760000	16
206.050000	220.900000	17
221.240000	225.040000	18
225.610000	246.530000	19
247.020000	263.420000	20
263.960000	317.770000	21
318.180000	332.500000	22
332.790000	337.100000	23
337.360000	366.640000	24
367.130000	384.330000	25
384.670000	411.580000	26
411.880000	422.360000	27
422.680000	427.630000	28
427.970000	453.090000	29
453.310000	485.930000	30
486.280000	489.430000	31
489.700000	491.950000	32
492.270000	496.160000	33
496.370000	499.720000	34
500.240000	504.410000	35
505.130000	510.230000	36
510.470000	517.770000	37
518.310000	525.360000	38
525.880000	529.020000	39
529.250000	533.250000	40
533.570000	536.390000	41
536.910000	542.020000	42
542.270000	548.100000	43
548.330000	552.150000	44
552.540000	554.280000	45
554.620000	565.070000	46
565.320000	568.900000	47
569.120000	583.530000	48
584.060000	592.380000	49
592.610000	599.290000	50
599.890000	604.890000	51
605.100000	610.390000	52
610.740000	616.140000	53
616.660000	618.520000	54
618.730000	620.190000	55
620.620000	621.200000	56
622.010000	634.690000	57
634.910000	647.810000	58
648.180000	650.760000	59
651.100000	655.300000	60
655.610000	658.730000	61
659.310000	660.020000	62
660.430000	669.750000	63
670.010000	684.570000	64
684.890000	686.880000	65
687.150000	714.140000	66
715.060000	728.670000	67
729.420000	767.760000	68
768.110000	772.290000	69
772.540000	777.460000	70
777.900000	781.870000	71
782.310000	794.210000	72
794.440000	798.020000	73
798.370000	819.560000	74
819.940000	825.930000	75
826.160000	833.990000	76
834.290000	844.210000	77
844.460000	852.020000	78
852.590000	857.030000	79
857.310000	873.660000	80
874.030000	879.560000	81
880.030000	888.330000	82
888.590000	895.220000	83
895.500000	897.950000	84
898.200000	901.140000	85
901.380000	902.560000	86
902.920000	907.960000	87
908.170000	920.550000	88
920.970000	933.420000	89
933.980000	941.060000	90
941.350000	953.410000	91
953.770000	957.710000	92
957.960000	965.250000	93
965.740000	971.530000	94
971.920000	984.410000	95
984.740000	988.030000	96
988.250000	1000.370000	97
1000.720000	1018.020000	98
1018.940000	1022.480000	99
1022.890000	1028.380000	100
1029.040000	1032.910000	101
1033.290000	1034.920000	102
1035.300000	1036.820000	103
1037.200000	1060.330000	104
1060.560000	1061.930000	105
1062.240000	1062.810000	106
1063.490000	1063.930000	107
1064.220000	1064.500000	108
1064.760000	1076.160000	109
1076.520000	1087.630000	110
1087.840000	1104.550000	111
1104.790000	1128.220000	112
1128.520000	1137.140000	113
1137.370000	1148.070000	114
1148.430000	1155.680000	115
1155.890000	1164.910000	116
1165.290000	1178.720000	117
1178.970000	1198.000000	118
1198.220000	1214.580000	119
1215.100000	1248.010000	120
1248.390000	1250.230000	121
1250.680000	1292.930000	122
1293.260000	1299.560000	123
1299.880000	1330.170000	124
1330.440000	1342.560000	125
1343.060000	1361.240000	126
1361.490000	1375.120000	127
1375.470000	1384.910000	128
1385.250000	1393.270000	129
1393.730000	1403.770000	130
1405.050000	1418.070000	131
1418.460000	1487.960000	132
1488.200000	1504.930000	133
1505.320000	1508.410000	134
1508.630000	1530.310000	135
1530.570000	1545.460000	136
1545.730000	1553.240000	137
1553.550000	1557.770000	138
1558.180000	1583.190000	139
1583.680000	1590.510000	140
1590.800000	1597.140000	141
1597.400000	1620.160000	142
1620.840000	1633.000000	143
1633.280000	1665.950000	144
1666.420000	1682.090000	145
1682.760000	1690.890000	146
1691.100000	1705.140000	147
1705.630000	1710.410000	148
1710.850000	1724.670000	149
1724.970000	1728.940000	150
1729.400000	1730.400000	151
1730.730000	1734.190000	152
1734.440000	1734.750000	153
1735.120000	1753.190000	154
1753.840000	1755.080000	155
1755.420000	1755.960000	156
1756.730000	1761.750000	157
1762.080000	1762.890000	158
1763.250000	1765.910000	159
1766.230000	1768.500000	160
1768.730000	1772.060000	161
1772.570000	1776.010000	162
1776.230000	1787.930000	163
1788.210000	1794.910000	164
1795.200000	1798.980000	165
1799.240000	1801.150000	166
1801.630000	1810.230000	167
1810.630000	1824.590000	168
1824.890000	1828.240000	169
1828.670000	1832.100000	170
1832.410000	1869.870000	171
1870.110000	1880.640000	172
1880.990000	1906.870000	173
1907.150000	1925.740000	174
1926.450000	1933.050000	175
1933.870000	1940.800000	176
1941.350000	1942.020000	177
1942.530000	1953.750000	178
1954.710000	1956.780000	179
1957.190000	1958.570000	180
1958.980000	1966.980000	181
1967.380000	1970.510000	182
1971.110000	1978.830000	183
1979.410000	1980.080000	184
1980.450000	1981.280000	185
1981.600000	1986.800000	186
1987.170000	1988.960000	187
1989.250000	1989.930000	188
1990.420000	1993.480000	189
1993.770000	1997.650000	190
1998.260000	2002.940000	191
2003.800000	2008.140000	192
2008.440000	2009.730000	193
2010.100000	2023.180000	194
2023.490000	2027.090000	195
2027.410000	2032.560000	196
2032.790000	2055.410000	197
2055.820000	2076.540000	198
2076.850000	2092.430000	199
2092.880000	2117.780000	200
2118.050000	2136.120000	201
2136.330000	2143.480000	202
2144.160000	2163.800000	203
2164.020000	2167.670000	204
2167.960000	2174.130000	205
2174.420000	2185.060000	206
2185.590000	2186.440000	207
2186.690000	2202.510000	208
2202.930000	2210.530000	209
2210.970000	2216.220000	210
2216.630000	2226.540000	211
2227.220000	2231.190000	212
2231.550000	2238.510000	213
2239.200000	2248.030000	214
2248.320000	2255.260000	215
2255.510000	2259.600000	216
2259.870000	2263.110000	217
2263.460000	2268.590000	218
2268.980000	2273.690000	219
2274.410000	2287.290000	220
2287.510000	2294.800000	221
2295.150000	2295.750000	222
2296.200000	2305.560000	223
2306.160000	2312.330000	224
2312.790000	2317.580000	225
2317.980000	2321.680000	226
2322.370000	2325.180000	227
2325.480000	2330.740000	228
2331.070000	2332.730000	229
2332.950000	2334.590000	230
2335.490000	2362.400000	231
2362.660000	2365.990000	232
2366.250000	2375.110000	233
2376.120000	2384.870000	234
2385.380000	2392.630000	235
2393.000000	2394.150000	236
2394.400000	2398.310000	237
2398.750000	2405.350000	238
2405.930000	2414.410000	239
2414.670000	2425.870000	240
2426.210000	2448.340000	241
2448.710000	2454.250000	242
2454.660000	2474.650000	243
2475.000000	2502.910000	244
2503.250000	2518.390000	245
2518.650000	2521.080000	246
2521.600000	2527.940000	247
2528.410000	2530.640000	248
2530.980000	2547.680000	249
2547.940000	2552.200000	250
2552.580000	2555.780000	251
2556.030000	2572.450000	252
2572.750000	2602.020000	253
2602.270000	2612.930000	254
2613.320000	2617.180000	255
2617.400000	2638.990000	256
2639.200000	2640.200000	257
2640.510000	2646.010000	258
2646.660000	2653.460000	259
2653.800000	2674.560000	260
2675.030000	2681.170000	261
2681.410000	2684.600000	262
2684.880000	2697.150000	263
2697.450000	2700.130000	264
2700.570000	2720.860000	265
2721.230000	2723.400000	266
2723.900000	2725.550000	267
2725.820000	2733.160000	268
2733.520000	2737.910000	269
2738.500000	2768.710000	270
2769.350000	2772.590000	271
2773.150000	2780.120000	272
2780.940000	2783.970000	273
2784.350000	2807.500000	274
2807.780000	2827.600000	275
2828.350000	2838.460000	276
2838.750000	2877.430000	277
2877.970000	2893.980000	278
2894.390000	2896.190000	279
2896.570000	2905.530000	280
2905.800000	2912.800000	281
2913.100000	2914.420000	282
2914.740000	2925.920000	283
2926.220000	2928.760000	284
2929.140000	2934.920000	285
2935.160000	2937.440000	286
2937.900000	2938.800000	287
2939.190000	2967.870000	288
2968.370000	2973.220000	289
2973.520000	2993.310000	290
2993.600000	3013.880000	291
3014.290000	3022.050000	292
3022.790000	3035.970000	293
3036.220000	3039.280000	294
3039.830000	3043.860000	295
3044.480000	3045.570000	296
3045.790000	3048.670000	297
3048.960000	3053.410000	298
3053.850000	3058.500000	299
3059.250000	3064.730000	300
3064.950000	3069.110000	301
3070.300000	3084.550000	302
3084.880000	3085.490000	303
3085.830000	3091.360000	304
3091.870000	3092.670000	305
3093.150000	3097.680000	306
3097.890000	3111.060000	307
3111.620000	3123.150000	308
3123.700000	3133.120000	309
3133.390000	3134.760000	310
3135.110000	3149.760000	311
3150.180000	3153.030000	312
3153.430000	3157.470000	313
3158.200000	3164.190000	314
3164.610000	3168.940000	315
3169.500000	3173.350000	316
3173.730000	3177.320000	317
3177.560000	3182.760000	318
3183.120000	3187.440000	319
3187.810000	3197.730000	320
3198.050000	3212.740000	321
3213.330000	3233.080000	322
3233.320000	3235.860000	323
3236.310000	3241.100000	324
3241.450000	3257.000000	325
3257.280000	3268.160000	326
3268.440000	3269.280000	327
3269.650000	3270.350000	328
3270.860000	3271.890000	329
3272.130000	3274.040000	330
3274.250000	3295.970000	331
3296.210000	3297.340000	332
3298.110000	3305.430000	333
3305.730000	3314.800000	334
3315.250000	3320.310000	335
3320.700000	3332.000000	336
3332.830000	3334.630000	337
3334.890000	3336.660000	338
3337.060000	3344.510000	339
3344.890000	3347.850000	340
3348.110000	3350.550000	341
3351.030000	3362.810000	342
3363.040000	3365.380000	343
3365.600000	3368.240000	344
3368.480000	3374.440000	345
3374.950000	3384.170000	346
3385.020000	3389.360000	347
3389.640000	3391.460000	348
3392.080000	3392.840000	349
3393.830000	3397.990000	350
3398.430000	3406.880000	351
3407.100000	3408.670000	352
3409.220000	3411.520000	353
3413.170000	3470.130000	354
3470.440000	3486.740000	355
3487.010000	3492.460000	356
3492.750000	3501.290000	357
3501.820000	3509.870000	358
3510.080000	3515.930000	359
3516.380000	3534.420000	360
3534.890000	3546.440000	361
3546.850000	3549.150000	362
3549.610000	3590.050000	363
3590.310000	3622.390000	364
3622.640000	3629.090000	365
3629.400000	3629.620000	366
3629.860000	3642.260000	367
3643.090000	3662.330000	368
3662.580000	3669.840000	369
3670.600000	3689.770000	370
3690.120000	3694.560000	371
3694.800000	3722.060000	372
3722.350000	3733.740000	373
3734.010000	3756.190000	374
3756.510000	3768.730000	375
3768.960000	3791.040000	376
3791.650000	3797.780000	377
3798.380000	3813.680000	378
3814.300000	3837.300000	379
3837.510000	3844.900000	380
3845.160000	3848.310000	381
3848.590000	3864.870000	382
3865.090000	3874.630000	383
3875.220000	3909.460000	384
3909.690000	3929.150000	385
3929.630000	3932.070000	386
3932.350000	3938.620000	387
3938.830000	3941.210000	388
3941.460000	3950.890000	389
3951.500000	3955.370000	390
3955.620000	3956.850000	391
3957.500000	3959.620000	392
3959.970000	3962.180000	393
3962.470000	3969.540000	394
3970.000000	3987.480000	395
3987.810000	4009.360000	396
4009.870000	4014.220000	397
4014.640000	4034.400000	398
4034.620000	4035.050000	399
4035.340000	4046.030000	400
4046.280000	4054.500000	401
4054.820000	4059.860000	402
4060.140000	4064.150000	403
4064.780000	4082.930000	404
4083.190000	4085.260000	405
4085.650000	4085.860000	406
4086.200000	4116.380000	407
4116.680000	4116.950000	408
4117.220000	4117.530000	409
4117.770000	4137.550000	410
4138.250000	4200.360000	411
4200.880000	4217.450000	412
4217.800000	4228.840000	413
4229.160000	4243.330000	414
4243.660000	4266.790000	415
4267.480000	4269.170000	416
4269.510000	4270.780000	417
4271.130000	4293.590000	418
4294.010000	4297.930000	419
4298.240000	4305.600000	420
4306.080000	4334.180000	421
4334.590000	4355.650000	422
4355.930000	4365.220000	423
4365.580000	4366.460000	424
4366.920000	4367.810000	425
4368.210000	4370.950000	426
4371.540000	4386.970000	427
4387.260000	4398.230000	428
4398.520000	4400.490000	429
4400.710000	4406.480000	430
4406.710000	4410.650000	431
4411.030000	4426.940000	432
4427.180000	4441.500000	433
4442.050000	4483.600000	434
4484.330000	4486.930000	435
4487.230000	4490.100000	436
4490.570000	4496.170000	437
4496.660000	4499.700000	438
4500.020000	4502.760000	439
4503.010000	4508.800000	440
4509.480000	4511.690000	441
4511.970000	4514.170000	442
4514.490000	4521.080000	443
4521.590000	4528.930000	444
4529.320000	4534.980000	445
4535.250000	4550.310000	446
4550.580000	4560.360000	447
4560.610000	4570.510000	448
4570.970000	4578.760000	449
4579.140000	4591.210000	450
4591.440000	4598.960000	451
4599.180000	4614.030000	452
4614.280000	4630.170000	453
4630.380000	4639.310000	454
4639.580000	4641.950000	455
4642.160000	4643.310000	456
4643.820000	4650.900000	457
4651.120000	4655.780000	458
4656.000000	4662.380000	459
4663.150000	4674.160000	460
4674.430000	4674.640000	461
4674.850000	4683.480000	462
4684.050000	4696.630000	463
4697.390000	4702.870000	464
4703.110000	4715.080000	465
4715.290000	4715.980000	466
4716.600000	4719.840000	467
4720.100000	4721.310000	468
4722.180000	4731.250000	469
4731.540000	4736.000000	470
4736.210000	4750.890000	471
4751.100000	4758.890000	472
4759.500000	4785.990000	473
4786.200000	4798.570000	474
4798.960000	4802.090000	475
4802.360000	4809.760000	476
4810.250000	4817.630000	477
4818.040000	4823.780000	478
4824.690000	4828.630000	479
4828.870000	4829.600000	480
4829.980000	4858.050000	481
4858.420000	4866.580000	482
4866.910000	4882.650000	483
4882.880000	4886.670000	484
4887.220000	4890.700000	485
4891.090000	4907.750000	486
4908.110000	4917.210000	487
4917.610000	4928.910000	488
4929.230000	4940.550000	489
4940.870000	4951.010000	490
4951.450000	4955.450000	491
4956.460000	4962.450000	492
4962.710000	4963.920000	493
4964.310000	4968.920000	494
4969.440000	4974.310000	495
4974.540000	4976.280000	496
4976.830000	4979.290000	497
4979.660000	4981.120000	498
4981.960000	4983.420000	499
4983.630000	4987.900000	500
4988.490000	5024.380000	501
5024.600000	5037.990000	502
5038.270000	5062.840000	503
5063.090000	5074.800000	504
5075.050000	5095.120000	505
5095.350000	5105.470000	506
5106.010000	5121.990000	507
5122.280000	5122.970000	508
5123.210000	5135.260000	509
5135.540000	5141.580000	510
5142.200000	5160.050000	511
5160.330000	5172.240000	512
5172.570000	5178.020000	513
5178.360000	5182.790000	514
5183.090000	5191.460000	515
5191.760000	5193.970000	516
5194.280000	5202.460000	517
5202.710000	5212.290000	518
5212.670000	5214.910000	519
5215.340000	5217.970000	520
5218.320000	5242.470000	521
5242.710000	5246.430000	522
5246.700000	5254.370000	523
5254.700000	5257.160000	524
5257.550000	5271.280000	525
5271.580000	5289.820000	526
5290.180000	5291.170000	527
5291.630000	5298.440000	528
5298.980000	5311.910000	529
5312.120000	5317.290000	530
5317.650000	5328.360000	531
5328.740000	5356.110000	532
5356.560000	5364.970000	533
5365.720000	5369.190000	534
5369.770000	5370.470000	535
5370.740000	5385.110000	536
5385.350000	5405.870000	537
5406.470000	5417.700000	538
5417.980000	5426.810000	539
5427.050000	5459.070000	540
5459.410000	5462.990000	541
5463.480000	5478.670000	542
5479.010000	5485.920000	543
5486.150000	5489.430000	544
5489.670000	5498.340000	545
5498.790000	5504.450000	546
5504.780000	5519.610000	547
5519.840000	5521.640000	548
5521.850000	5534.170000	549
5534.770000	5540.610000	550
5540.820000	5551.170000	551
5551.480000	5560.180000	552
5560.510000	5584.090000	553
5584.510000	5588.850000	554
5589.370000	5606.760000	555
5607.100000	5623.260000	556
5623.500000	5639.150000	557
5639.780000	5645.940000	558
5646.200000	5649.190000	559
5649.470000	5671.960000	560
5672.400000	5673.920000	561
5674.380000	5678.760000	562
5679.160000	5689.170000	563
5689.690000	5696.500000	564
5697.630000	5704.480000	565
5704.870000	5709.030000	566
5709.300000	5715.230000	567
5715.950000	5717.820000	568
5718.330000	5726.220000	569
5726.680000	5738.250000	570
5738.500000	5740.100000	571
5740.560000	5746.620000	572
5747.170000	5751.860000	573
5752.170000	5755.950000	574
5756.260000	5759.690000	575
5760.270000	5768.000000	576
5768.390000	5781.890000	577
5782.220000	5785.540000	578
5786.060000	5787.040000	579
5787.510000	5788.210000	580
5788.460000	5799.220000	581
5799.550000	5801.020000	582
5801.460000	5805.450000	583
5805.810000	5809.980000	584
5810.460000	5815.620000	585
5815.940000	5820.590000	586
5820.850000	5825.690000	587
5826.060000	5826.290000	588
5826.650000	5836.980000	589
5837.230000	5844.520000	590
5844.890000	5875.790000	591
5876.010000	5962.810000	592
5963.070000	5976.840000	593
5977.160000	5978.910000	594
5979.290000	6003.600000	595
6003.960000	6013.410000	596
6013.620000	6024.460000	597
6024.730000	6070.120000	598
6070.410000	6149.020000	599
6149.480000	6165.780000	600
6166.170000	6174.150000	601
6174.440000	6175.250000	602
6175.760000	6188.370000	603
6188.590000	6210.160000	604
6210.410000	6226.940000	605
6227.150000	6229.090000	606
6229.760000	6230.590000	607
6230.870000	6294.950000	608
6295.160000	6329.780000	609
6330.040000	6330.250000	610
6330.490000	6335.660000	611
6335.930000	6361.450000	612
6361.750000	6369.800000	613
6370.410000	6372.410000	614
6373.130000	6385.660000	615
6385.930000	6393.270000	616
6393.480000	6394.580000	617
6395.210000	6398.420000	618
6398.770000	6411.890000	619
6412.500000	6416.100000	620
6416.520000	6420.130000	621
6420.610000	6430.760000	622
6431.150000	6453.620000	623
6453.950000	6465.630000	624
6466.020000	6475.110000	625
6475.470000	6491.210000	626
6491.810000	6505.950000	627
6506.420000	6521.810000	628
6522.040000	6536.540000	629
6536.780000	6580.380000	630
6580.660000	6586.180000	631
6586.670000	6601.470000	632
6601.730000	6626.060000	633
6626.310000	6652.230000	634
6652.450000	6671.850000	635
6672.400000	6693.560000	636
6694.070000	6712.810000	637
6713.020000	6714.300000	638
6714.570000	6721.700000	639
6721.940000	6725.510000	640
6725.860000	6736.840000	641
6737.270000	6743.060000	642
6743.370000	6749.780000	643
6750.000000	6758.730000	644
6759.250000	6761.460000	645
6761.770000	6771.470000	646
6771.710000	6783.590000	647
6784.210000	6802.190000	648
6802.850000	6804.810000	649
6805.130000	6812.590000	650
6813.190000	6818.170000	651
6818.440000	6820.170000	652
6820.740000	6832.810000	653
6833.530000	6844.270000	654
6844.720000	6858.540000	655
6858.860000	6862.550000	656
6863.280000	6891.780000	657
6892.200000	6894.710000	658
6894.990000	6896.580000	659
6896.990000	6902.460000	660
6902.740000	6903.620000	661
6904.050000	6910.530000	662
6911.200000	6912.970000	663
6913.300000	6921.670000	664
6921.980000	6929.320000	665
6929.850000	6931.650000	666
6931.900000	6944.370000	667
6944.720000	6946.900000	668
6947.320000	6955.530000	669
6955.940000	6959.040000	670
6959.430000	6962.170000	671
6962.500000	6967.880000	672
6968.630000	6970.100000	673
6970.620000	6975.700000	674
6976.210000	6981.770000	675
6982.420000	6983.590000	676
6983.920000	6986.400000	677
6986.620000	6994.720000	678
6995.370000	7009.500000	679
7010.040000	7011.050000	680
7011.510000	7024.780000	681
7025.390000	7041.620000	682
7041.920000	7044.320000	683
7044.990000	7048.280000	684
7048.610000	7049.780000	685
7050.270000	7059.690000	686
7059.980000	7062.780000	687
7063.210000	7092.800000	688
7093.290000	7094.100000	689
7094.390000	7097.460000	690
7097.910000	7104.230000	691
7104.910000	7111.180000	692
7111.400000	7112.820000	693
7113.240000	7119.030000	694
7120.400000	7131.500000	695
7131.830000	7139.180000	696
7139.560000	7143.930000	697
7144.530000	7149.200000	698
7149.710000	7154.860000	699
7155.240000	7163.220000	700
7163.440000	7164.370000	701
7164.730000	7168.030000	702
7168.400000	7178.360000	703
7178.670000	7196.690000	704
7196.920000	7204.370000	705
7204.630000	7213.590000	706
7214.210000	7219.590000	707
7219.820000	7225.640000	708
7225.970000	7234.540000	709
7234.990000	7240.970000	710
7241.280000	7245.540000	711
7246.150000	7247.410000	712
7247.820000	7249.880000	713
7250.120000	7257.330000	714
7257.720000	7269.800000	715
7270.300000	7270.570000	716
7270.790000	7278.400000	717
7278.690000	7286.950000	718
7287.240000	7298.590000	719
7298.820000	7302.900000	720
7303.250000	7307.260000	721
7308.000000	7313.870000	722
7314.240000	7319.620000	723
7320.280000	7328.010000	724
7328.320000	7337.220000	725
7337.630000	7344.440000	726
7344.680000	7354.430000	727
7355.520000	7357.200000	728
7357.560000	7359.080000	729
7359.330000	7361.020000	730
7361.690000	7365.210000	731
7365.540000	7370.960000	732
7371.240000	7372.260000	733
7372.780000	7373.910000	734
7374.150000	7379.640000	735
7380.030000	7381.060000	736
7381.350000	7382.440000	737
7383.100000	7385.290000	738
7385.950000	7392.780000	739
7393.520000	7402.520000	740
7402.810000	7405.320000	741
7405.570000	7430.670000	742
7431.640000	7440.950000	743
7441.670000	7450.040000	744
7450.390000	7451.640000	745
7452.440000	7454.310000	746
7454.580000	7458.770000	747
7459.140000	7474.800000	748
7475.320000	7477.140000	749
7477.370000	7478.730000	750
7479.120000	7498.900000	751
7499.300000	7502.530000	752
7503.000000	7549.720000	753
7550.010000	7556.740000	754
7557.010000	7569.230000	755
7570.050000	7576.690000	756
7576.980000	7589.390000	757
7589.670000	7611.950000	758
7612.190000	7614.980000	759
7615.550000	7624.540000	760
7624.810000	7627.750000	761
7628.370000	7632.260000	762
7632.590000	7649.530000	763
7649.850000	7668.690000	764
7668.980000	7677.270000	765
7677.520000	7679.110000	766
7679.330000	7732.250000	767
7732.490000	7734.240000	768
7734.530000	7748.930000	769
7749.570000	7750.620000	770
7751.220000	7782.280000	771
7783.020000	7792.560000	772
7793.040000	7804.680000	773
7805.190000	7853.820000	774
7854.320000	7859.330000	775
7859.800000	7866.410000	776
7866.730000	7878.030000	777
7878.510000	7889.160000	778
7889.370000	7893.340000	779
7893.750000	7901.030000	780
7901.260000	7902.040000	781
7902.510000	7903.750000	782
7904.240000	7908.460000	783
7909.130000	7914.210000	784
7914.430000	7926.760000	785
7927.040000	7941.710000	786
7942.120000	7943.950000	787
7944.200000	7964.120000	788
7964.480000	7973.780000	789
7974.210000	7977.120000	790
7977.800000	7978.650000	791
7979.210000	8001.300000	792
8001.710000	8023.590000	793
8024.070000	8046.020000	794
8046.240000	8047.300000	795
8048.920000	8057.070000	796
8057.340000	8102.200000	797
8102.490000	8116.730000	798
8117.030000	8120.960000	799
8121.350000	8130.090000	800
8130.560000	8137.920000	801
8138.280000	8152.090000	802
8152.690000	8177.330000	803
8177.770000	8205.180000	804
8205.550000	8218.180000	805
8218.480000	8255.920000	806
8256.310000	8291.320000	807
8291.620000	8318.710000	808
8318.980000	8340.590000	809
8340.870000	8359.090000	810
8359.330000	8370.610000	811
8370.970000	8384.180000	812
8384.620000	8392.550000	813
8392.920000	8403.780000	814
8404.150000	8411.310000	815
8411.870000	8416.250000	816
8416.850000	8437.760000	817
8438.120000	8446.710000	818
8447.250000	8447.460000	819
8447.730000	8462.100000	820
8462.400000	8473.980000	821
8474.260000	8482.330000	822
8482.570000	8490.320000	823
8490.770000	8500.150000	824
8500.430000	8511.810000	825
8512.500000	8522.620000	826
8523.030000	8546.070000	827
8546.540000	8571.010000	828
8571.560000	8583.040000	829
8583.820000	8593.830000	830
8594.070000	8600.860000	831
8601.210000	8613.740000	832
8613.980000	8622.640000	833
8622.990000	8719.190000	834
8719.480000	8725.710000	835
8726.050000	8733.090000	836
8734.170000	8746.140000	837
8746.830000	8772.370000	838
8772.780000	8847.280000	839
8847.500000	8861.710000	840
8862.020000	8876.590000	841
8876.880000	8931.640000	842
8931.900000	9034.690000	843
9035.010000	9038.980000	844
9039.300000	9047.610000	845
9048.040000	9097.740000	846
9098.000000	9099.540000	847
9100.010000	9103.870000	848
9104.150000	9107.600000	849
9108.040000	9108.410000	850
9108.660000	9112.940000	851
9114.090000	9169.220000	852
9169.540000	9172.350000	853
9172.850000	9183.890000	854
9184.560000	9209.000000	855
9209.410000	9237.020000	856
9237.340000	9241.590000	857
9241.810000	9251.430000	858
9251.710000	9259.450000	859
9259.660000	9292.710000	860
9293.140000	9357.860000	861
9358.370000	9365.660000	862
9366.240000	9379.130000	863
9379.460000	9397.430000	864
9397.840000	9420.040000	865
9420.660000	9437.490000	866
9437.980000	9447.780000	867
9448.000000	9514.500000	868
9515.030000	9528.370000	869
9528.710000	9543.470000	870
9544.080000	9560.200000	871
9560.570000	9560.790000	872
9561.010000	9571.420000	873
9571.720000	9593.290000	874
9594.000000	9616.440000	875
9617.500000	9634.190000	876
9634.680000	9658.960000	877
9659.280000	9676.460000	878
9676.700000	9738.340000	879
9738.560000	9802.730000	880
9803.080000	9821.220000	881
9821.450000	9837.590000	882
9837.840000	9846.650000	883
9846.860000	9849.420000	884
9849.640000	9853.520000	885
9853.910000	9892.700000	886
9893.020000	9906.440000	887
9906.770000	9906.980000	888
9907.220000	9923.330000	889
9923.630000	9925.640000	890
9925.850000	9957.680000	891
9958.100000	9962.710000	892
9963.020000	9963.700000	893
9964.330000	9998.700000	894
9999.060000	10011.810000	895
10012.150000	10025.210000	896
10025.570000	10035.210000	897
10035.470000	10043.670000	898
10043.880000	10060.390000	899
10060.730000	10064.400000	900
10065.630000	10070.880000	901
10071.120000	10072.730000	902
10073.220000	10096.850000	903
10097.110000	10123.640000	904
10123.880000	10197.630000	905
10198.090000	10198.300000	906
10199.100000	10199.970000	907
10200.240000	10362.510000	908
10362.730000	10366.760000	909
10367.040000	10382.640000	910
10382.880000	10404.600000	911
10404.850000	10412.780000	912
10413.340000	10468.200000	913
10468.550000	10486.060000	914
10486.310000	10644.490000	915
10644.740000	10738.440000	916
10738.750000	10741.040000	917
10741.320000	10763.630000	918
10763.970000	10769.600000	919
10770.090000	10775.310000	920
10775.600000	10780.390000	921
10780.840000	10792.060000	922
10792.340000	10795.800000	923
10796.190000	10819.430000	924
10819.780000	10946.240000	925
10946.500000	10957.980000	926
10958.270000	10966.490000	927
10966.730000	10969.640000	928
10969.920000	10973.840000	929
10974.120000	10975.680000	930
10977.130000	11070.990000	931
11071.390000	11095.150000	932
11095.790000	11120.750000	933
11121.570000	11126.250000	934
11126.640000	11130.090000	935
11130.420000	11155.590000	936
11155.860000	11160.900000	937
11161.630000	11170.470000	938
11170.860000	11209.500000	939
11210.000000	11219.660000	940
11219.900000	11226.040000	941
11226.460000	11229.930000	942
11230.330000	11249.390000	943
11249.850000	11261.730000	944
11262.030000	11270.460000	945
11270.850000	11345.840000	946
11346.280000	11418.050000	947
11418.320000	11507.980000	948
11508.250000	11588.610000	949
11589.100000	11592.430000	950
11592.700000	11652.190000	951
11652.500000	11701.030000	952
11701.250000	11710.480000	953
11710.850000	11717.430000	954
11717.660000	11769.890000	955
11770.270000	11818.290000	956
11818.970000	11853.750000	957
11854.140000	11858.490000	958
11858.790000	11867.980000	959
11868.330000	11876.150000	960
11876.410000	11913.990000	961
11914.310000	11924.110000	962
11924.500000	11930.260000	963
11930.480000	11931.600000	964
11931.880000	11965.360000	965
11965.640000	11981.140000	966
11981.370000	11983.640000	967
11983.910000	12086.740000	968
12087.020000	12098.210000	969
12098.520000	12101.100000	970
12101.350000	12124.740000	971
12125.090000	12136.120000	972
12136.910000	12154.550000	973
12154.870000	12156.040000	974
12156.260000	12162.650000	975
12162.900000	12164.400000	976
12164.610000	12165.530000	977
12166.650000	12258.450000	978
12258.780000	12302.080000	979
12302.400000	12307.530000	980
12307.780000	12317.480000	981
12317.800000	12373.890000	982
12374.280000	12408.090000	983
12408.350000	12411.160000	984
12411.390000	12416.880000	985
12417.240000	12424.360000	986
12424.610000	12451.660000	987
12451.870000	12452.960000	988
12453.300000	12470.260000	989
12470.700000	12492.390000	990
12492.680000	12503.710000	991
12504.000000	12519.860000	992
12520.070000	12523.390000	993
12524.010000	12527.550000	994
12527.930000	12528.800000	995
12529.070000	12530.010000	996
12530.770000	12541.820000	997
12542.060000	12550.160000	998
12550.380000	12553.320000	999
12553.750000	12593.870000	1000
12594.180000	12607.880000	1001
12608.500000	12613.060000	1002
12613.450000	12615.800000	1003
12616.230000	12618.420000	1004
12618.710000	12619.650000	1005
12620.080000	12620.870000	1006
12621.180000	12623.560000	1007
12623.920000	12626.550000	1008
12627.020000	12632.420000	1009
12632.930000	12639.560000	1010
12639.850000	12654.420000	1011
12654.840000	12656.350000	1012
12656.560000	12657.660000	1013
12658.150000	12659.310000	1014
12659.820000	12663.330000	1015
12663.710000	12668.810000	1016
12669.050000	12674.670000	1017
12675.050000	12685.040000	1018
12685.250000	12686.100000	1019
12686.610000	12696.060000	1020
12696.320000	12716.150000	1021
12716.520000	12732.140000	1022
12732.420000	12744.540000	1023
12744.800000	12746.640000	1024
12747.020000	12747.730000	1025
12748.250000	12749.460000	1026
12750.100000	12781.460000	1027
12781.690000	12794.530000	1028
12794.880000	12798.890000	1029
12799.130000	12801.930000	1030
12802.170000	12803.780000	1031
12804.220000	12810.100000	1032
12810.360000	12831.510000	1033
12831.770000	12837.570000	1034
12838.050000	12853.630000	1035
12853.880000	12876.100000	1036
12876.330000	12890.410000	1037
12890.840000	12904.800000	1038
12905.030000	12906.260000	1039
12906.730000	12907.530000	1040
12908.110000	12927.500000	1041
12927.890000	12931.350000	1042
12931.600000	12937.520000	1043
12937.770000	12941.160000	1044
12941.500000	12953.790000	1045
12954.120000	12965.970000	1046
12966.220000	12973.060000	1047
12973.570000	12979.080000	1048
12979.370000	12995.840000	1049
12996.220000	12997.270000	1050
12997.480000	13033.570000	1051
13033.890000	13035.790000	1052
13036.010000	13040.470000	1053
13040.710000	13042.570000	1054
13043.480000	13076.360000	1055
13076.820000	13084.440000	1056
13084.740000	13099.450000	1057
13099.700000	13103.910000	1058
13104.230000	13107.270000	1059
13107.620000	13110.510000	1060
13110.830000	13116.390000	1061
13116.610000	13176.880000	1062
13177.740000	13187.480000	1063
13187.780000	13197.130000	1064
13197.520000	13199.650000	1065
13199.950000	13206.790000	1066
13207.000000	13209.640000	1067
13209.850000	13214.210000	1068
13214.450000	13223.180000	1069
13223.680000	13229.880000	1070
13230.180000	13232.100000	1071
13232.590000	13235.780000	1072
13236.250000	13246.590000	1073
13246.850000	13249.760000	1074
13249.970000	13251.130000	1075
13252.210000	13259.140000	1076
13259.380000	13262.550000	1077
13262.820000	13279.740000	1078
13280.090000	13288.800000	1079
13289.020000	13311.470000	1080
13311.680000	13316.190000	1081
13316.580000	13349.710000	1082
13350.080000	13355.480000	1083
13355.740000	13380.740000	1084
13380.960000	13401.670000	1085
13402.070000	13430.980000	1086
13431.220000	13434.400000	1087
13434.650000	13452.170000	1088
13452.650000	13453.280000	1089
13453.560000	13459.110000	1090
13459.380000	13477.100000	1091
13477.700000	13503.210000	1092
13503.480000	13506.520000	1093
13507.090000	13511.660000	1094
13512.280000	13519.290000	1095
13519.800000	13539.340000	1096
13539.580000	13556.150000	1097
13556.410000	13562.840000	1098
13563.340000	13595.220000	1099
13595.540000	13599.650000	1100
13599.900000	13610.340000	1101
13610.600000	13617.430000	1102
13617.660000	13618.550000	1103
13618.790000	13619.970000	1104
13620.390000	13625.330000	1105
13625.780000	13629.070000	1106
13629.320000	13630.680000	1107
13631.400000	13631.610000	1108
13633.920000	13672.490000	1109
13672.840000	13802.860000	1110
13803.190000	13830.810000	1111
13831.050000	13841.170000	1112
13841.440000	13902.780000	1113
13902.990000	13921.670000	1114
13922.130000	13923.580000	1115
13923.840000	13925.440000	1116
13925.870000	13939.110000	1117
13939.390000	13944.950000	1118
13945.170000	13957.030000	1119
13957.340000	13986.730000	1120
13986.960000	13989.370000	1121
13989.850000	14009.040000	1122
14009.340000	14030.820000	1123
14031.050000	14074.810000	1124
14075.030000	14082.020000	1125
14082.470000	14086.390000	1126
14086.660000	14105.440000	1127
14105.680000	14110.610000	1128
14110.830000	14124.730000	1129
14124.940000	14143.320000	1130
14143.730000	14145.930000	1131
14146.280000	14155.260000	1132
14155.620000	14176.670000	1133
14177.000000	14207.520000	1134
14207.960000	14219.510000	1135
14219.900000	14220.840000	1136
14222.270000	14280.880000	1137
14281.150000	14309.510000	1138
14309.780000	14312.930000	1139
14313.160000	14320.030000	1140
14320.630000	14322.790000	1141
14323.010000	14394.450000	1142
14394.860000	14399.400000	1143
14399.720000	14407.500000	1144
14407.770000	14415.640000	1145
14415.860000	14430.700000	1146
14431.030000	14433.430000	1147
14433.750000	14435.510000	1148
14435.930000	14452.040000	1149
14452.620000	14455.100000	1150
14455.450000	14508.310000	1151
14508.690000	14533.190000	1152
14533.730000	14541.640000	1153
14541.950000	14548.320000	1154
14548.870000	14577.560000	1155
14577.770000	14586.980000	1156
14587.200000	14594.030000	1157
14594.530000	14669.580000	1158
14669.880000	14688.630000	1159
14688.840000	14691.880000	1160
14692.550000	14712.030000	1161
14712.530000	14722.440000	1162
14722.910000	14726.160000	1163
14726.400000	14759.220000	1164
14759.440000	14766.170000	1165
14766.500000	14772.500000	1166
14772.800000	14801.330000	1167
14801.660000	14803.430000	1168
14803.690000	14848.590000	1169
14848.990000	14864.990000	1170
14865.270000	14867.940000	1171
14868.170000	14870.930000	1172
14871.230000	14885.110000	1173
14885.360000	14900.980000	1174
14901.440000	14909.180000	1175
14909.470000	14911.800000	1176
14912.030000	14920.090000	1177
14920.620000	14931.650000	1178
14932.160000	14940.110000	1179
14940.690000	14947.760000	1180
14948.570000	14967.030000	1181
14967.290000	14981.350000	1182
14981.670000	14984.290000	1183
14984.710000	14996.050000	1184
14996.310000	14998.160000	1185
14998.520000	15004.100000	1186
15004.720000	15013.740000	1187
15014.170000	15016.640000	1188
15016.930000	15019.360000	1189
15019.570000	15024.360000	1190
15024.740000	15035.620000	1191
15035.900000	15036.710000	1192
15037.100000	15037.560000	1193
15037.840000	15039.680000	1194
15039.980000	15046.970000	1195
15047.700000	15081.660000	1196
15082.080000	15093.100000	1197
15093.370000	15096.340000	1198
15096.560000	15113.200000	1199
15113.430000	15120.900000	1200
15121.140000	15126.780000	1201
15127.080000	15129.140000	1202
15129.660000	15156.240000	1203
15156.740000	15157.990000	1204
15162.690000	15245.510000	1205
15245.740000	15254.470000	1206
15254.690000	15257.020000	1207
15257.260000	15275.830000	1208
15276.330000	15277.420000	1209
15277.640000	15278.590000	1210
15279.140000	15293.200000	1211
15293.630000	15313.990000	1212
15314.440000	15321.320000	1213
15321.540000	15329.850000	1214
15330.260000	15333.760000	1215
15333.980000	15335.910000	1216
15336.230000	15346.760000	1217
15346.990000	15406.440000	1218
15406.780000	15411.540000	1219
15411.810000	15472.700000	1220
15473.150000	15475.980000	1221
15476.250000	15488.260000	1222
15488.880000	15499.030000	1223
15499.270000	15542.020000	1224
15542.470000	15560.790000	1225
15561.130000	15567.940000	1226
15568.210000	15580.430000	1227
15580.890000	15583.290000	1228
15583.760000	15587.610000	1229
15588.090000	15589.400000	1230
15590.010000	15596.230000	1231
15596.880000	15598.050000	1232
15598.630000	15600.890000	1233
15601.160000	15604.910000	1234
15605.310000	15606.870000	1235
15607.130000	15618.650000	1236
15619.510000	15624.730000	1237
15625.430000	15630.980000	1238
15631.670000	15636.610000	1239
15636.910000	15637.670000	1240
15637.900000	15645.140000	1241
15645.670000	15652.310000	1242
15652.580000	15653.750000	1243
15654.140000	15670.130000	1244
15670.470000	15683.860000	1245
15684.370000	15703.310000	1246
15703.610000	15709.940000	1247
15710.560000	15716.610000	1248
15716.820000	15748.270000	1249
15748.610000	15771.480000	1250
15771.870000	15773.090000	1251
15777.360000	15787.780000	1252
15788.620000	15804.550000	1253
15804.950000	15812.590000	1254
15812.890000	15814.830000	1255
15815.180000	15819.300000	1256
15819.630000	15838.870000	1257
15839.500000	15843.350000	1258
15843.880000	15844.820000	1259
15845.060000	15865.560000	1260
15865.990000	15875.760000	1261
15876.270000	15880.890000	1262
15881.190000	15882.320000	1263
15882.730000	15887.270000	1264
15888.410000	15889.910000	1265
15890.480000	15891.680000	1266
15891.920000	15897.570000	1267
15897.830000	15900.740000	1268
15901.540000	15906.440000	1269
15906.750000	15908.020000	1270
15908.300000	15922.470000	1271
15922.990000	15927.640000	1272
15928.400000	15932.710000	1273
15932.960000	15933.960000	1274
15934.240000	15941.190000	1275
15941.650000	15952.790000	1276
15953.460000	15954.650000	1277
15955.190000	15966.690000	1278
15967.440000	15980.580000	1279
15980.820000	15981.030000	1280
15981.260000	15982.860000	1281
15983.310000	15987.410000	1282
15987.840000	15988.470000	1283
15988.860000	15992.220000	1284
15993.170000	15994.590000	1285
15995.220000	16004.510000	1286
16004.910000	16023.180000	1287
16023.950000	16030.080000	1288
16030.650000	16040.980000	1289
16041.660000	16056.650000	1290
16057.490000	16058.610000	1291
16059.140000	16059.860000	1292
16060.700000	16062.940000	1293
16063.320000	16074.540000	1294
16074.790000	16095.450000	1295
16096.130000	16097.350000	1296
16097.980000	16102.900000	1297
16103.130000	16107.820000	1298
16108.090000	16111.390000	1299
16111.780000	16123.950000	1300
16124.480000	16129.780000	1301
16130.300000	16132.470000	1302
16132.780000	16142.820000	1303
16143.680000	16147.070000	1304
16147.360000	16149.100000	1305
16149.920000	16158.690000	1306
16159.210000	16160.280000	1307
16160.520000	16164.850000	1308
16165.230000	16197.650000	1309
16197.890000	16198.940000	1310
16199.280000	16207.360000	1311
16207.670000	16209.310000	1312
16209.760000	16241.270000	1313
16241.560000	16242.680000	1314
16243.160000	16254.400000	1315
16254.700000	16259.090000	1316
16259.620000	16267.670000	1317
16268.660000	16275.090000	1318
16275.840000	16277.190000	1319
16278.190000	16278.710000	1320
16279.480000	16283.110000	1321
16283.610000	16288.420000	1322
16289.090000	16290.190000	1323
16291.160000	16291.890000	1324
16292.130000	16293.260000	1325
16293.860000	16308.900000	1326
16309.140000	16318.610000	1327
16319.390000	16320.200000	1328
16321.020000	16321.930000	1329
16322.170000	16323.470000	1330
16323.830000	16331.470000	1331
16331.760000	16348.790000	1332
16349.060000	16351.490000	1333
16352.070000	16380.660000	1334
16380.950000	16391.950000	1335
16392.300000	16395.400000	1336
16396.400000	16450.670000	1337
16450.960000	16452.310000	1338
16452.610000	16459.840000	1339
16460.330000	16468.660000	1340
16468.900000	16478.680000	1341
16479.010000	16500.250000	1342
16500.850000	16511.930000	1343
16512.190000	16514.550000	1344
16514.930000	16531.780000	1345
16532.080000	16533.920000	1346
16534.580000	16544.770000	1347
16545.300000	16548.400000	1348
16548.810000	16553.180000	1349
16553.410000	16560.670000	1350
16561.060000	16617.200000	1351
16618.010000	16634.480000	1352
16635.020000	16641.220000	1353
16641.750000	16646.160000	1354
16646.390000	16650.880000	1355
16651.220000	16652.830000	1356
16653.170000	16655.500000	1357
16656.010000	16667.780000	1358
16668.140000	16670.980000	1359
16671.530000	16677.990000	1360
16678.370000	16689.010000	1361
16689.260000	16698.920000	1362
16699.220000	16725.110000	1363
16725.420000	16739.040000	1364
16739.250000	16757.960000	1365
16758.390000	16764.440000	1366
16764.880000	16767.530000	1367
16767.960000	16775.190000	1368
16775.490000	16787.970000	1369
16788.570000	16792.560000	1370
16792.980000	16800.020000	1371
16800.580000	16801.710000	1372
16801.930000	16803.030000	1373
16803.520000	16805.450000	1374
16805.790000	16807.400000	1375
16808.910000	16838.200000	1376
16838.430000	16848.780000	1377
16849.010000	16853.740000	1378
16854.180000	16856.700000	1379
16857.140000	16860.500000	1380
16861.330000	16864.930000	1381
16865.410000	16874.300000	1382
16874.660000	16883.610000	1383
16884.200000	16886.490000	1384
16886.720000	16888.480000	1385
16888.700000	16899.300000	1386
16899.580000	16915.430000	1387
16915.730000	16923.920000	1388
16924.280000	16937.730000	1389
16937.970000	16958.060000	1390
16958.390000	16963.390000	1391
16964.020000	16965.320000	1392
16965.900000	16967.350000	1393
16967.970000	16969.370000	1394
16969.770000	16988.930000	1395
16989.490000	16995.850000	1396
16996.150000	17013.990000	1397
17014.220000	17029.910000	1398
17030.190000	17043.200000	1399
17043.500000	17045.670000	1400
17045.910000	17068.810000	1401
17070.040000	17088.700000	1402
17088.970000	17124.970000	1403
17125.270000	17184.470000	1404
17184.760000	17236.250000	1405
17236.630000	17268.090000	1406
17268.300000	17271.060000	1407
17271.560000	17283.160000	1408
17283.420000	17292.550000	1409
17292.890000	17294.920000	1410
17295.170000	17297.700000	1411
17297.940000	17302.470000	1412
17302.810000	17305.770000	1413
17306.280000	17320.220000	1414
17320.430000	17321.610000	1415
17322.120000	17324.990000	1416
17325.850000	17327.570000	1417
17327.800000	17358.270000	1418
17358.700000	17363.400000	1419
17363.740000	17372.940000	1420
17373.270000	17411.030000	1421
17411.240000	17430.990000	1422
17431.250000	17436.170000	1423
17436.450000	17439.990000	1424
17440.970000	17462.180000	1425
17462.710000	17492.570000	1426
17492.820000	17524.660000	1427
17525.020000	17601.110000	1428
17601.530000	17629.970000	1429
17630.260000	17636.160000	1430
17636.400000	17667.060000	1431
17667.310000	17676.400000	1432
17676.640000	17693.310000	1433
17693.540000	17695.220000	1434
17695.500000	17700.560000	1435
17700.940000	17712.630000	1436
17713.140000	17714.300000	1437
17714.530000	17716.060000	1438
17716.470000	17722.600000	1439
17722.850000	17724.520000	1440
17724.730000	17725.600000	1441
17725.820000	17750.710000	1442
17750.930000	17758.000000	1443
17758.310000	17768.730000	1444
17769.460000	17776.580000	1445
17777.110000	17783.470000	1446
17783.990000	17787.510000	1447
17788.240000	17797.160000	1448
17797.640000	17801.800000	1449
17802.060000	17807.090000	1450
17807.460000	17822.180000	1451
17824.910000	17829.110000	1452
17829.420000	17836.580000	1453
17836.800000	17846.900000	1454
17847.150000	17849.940000	1455
17850.180000	17858.860000	1456
17859.200000	17910.110000	1457
17910.540000	17929.160000	1458
17929.400000	17978.360000	1459
17978.820000	17992.500000	1460
17992.830000	17997.890000	1461
17998.120000	17999.030000	1462
17999.250000	18002.580000	1463
18002.870000	18019.860000	1464
18020.310000	18043.600000	1465
18043.860000	18063.270000	1466
18063.780000	18083.780000	1467
18083.990000	18092.790000	1468
18093.220000	18105.680000	1469
18105.940000	18110.710000	1470
18111.180000	18131.840000	1471
18132.210000	18139.890000	1472
18140.310000	18151.560000	1473
18152.030000	18152.970000	1474
18153.250000	18158.870000	1475
18159.300000	18162.240000	1476
18162.750000	18163.910000	1477
18164.150000	18176.220000	1478
18176.610000	18177.630000	1479
18178.050000	18180.300000	1480
18180.520000	18219.380000	1481
18220.000000	18237.020000	1482
18237.530000	18261.810000	1483
18262.230000	18302.320000	1484
18302.810000	18304.940000	1485
18305.600000	18313.280000	1486
18313.660000	18326.110000	1487
18326.380000	18331.240000	1488
18331.550000	18333.080000	1489
18333.580000	18351.280000	1490
18351.580000	18353.690000	1491
18354.350000	18376.640000	1492
18376.860000	18385.590000	1493
18386.120000	18387.860000	1494
18388.110000	18390.130000	1495
18390.720000	18391.340000	1496
18392.000000	18402.270000	1497
18402.780000	18404.180000	1498
18404.390000	18411.970000	1499
18412.320000	18416.020000	1500
18416.580000	18419.670000	1501
18419.900000	18422.900000	1502
18423.160000	18448.680000	1503
18449.030000	18474.600000	1504
18474.910000	18475.920000	1505
18478.090000	18478.090000	[End]
